0 0.226976 0.071616 0.226161 0.143233
0 0.500069 0.092042 0.203093 0.184084
0 0.334675 0.273858 0.152321 0.212629
0 0.104663 0.256498 0.160008 0.194246
0 0.055410 0.553691 0.110820 0.261649
0 0.126201 0.865647 0.215390 0.268707
0 0.420832 0.885151 0.213856 0.229698
0 0.573149 0.396514 0.201542 0.265528
0 0.797780 0.103303 0.207703 0.206498
0 0.860089 0.350458 0.206169 0.271864
0 0.870860 0.674197 0.206169 0.277985
0 0.842399 0.937236 0.146161 0.125528
0 0.689310 0.796859 0.141542 0.212425
0 0.517760 0.633448 0.143084 0.171573
0 0.280828 0.555830 0.210779 0.290043
