0 0.349554 0.432617 0.170808 0.224629
0 0.353058 0.660333 0.153643 0.200666
0 0.582268 0.855446 0.173969 0.219788
0 0.175893 0.576324 0.171448 0.204660
0 0.100012 0.305968 0.170808 0.280318
0 0.256846 0.867784 0.200012 0.233328
0 0.759101 0.688215 0.189855 0.246868
0 0.803866 0.279281 0.184138 0.228548
0 0.777220 0.483949 0.176562 0.191921
0 0.571478 0.620923 0.177793 0.214221
0 0.612431 0.406301 0.196200 0.203858
0 0.278118 0.152269 0.175247 0.230953
0 0.106363 0.093737 0.164451 0.174402
0 0.514011 0.083381 0.210169 0.144130
0 0.650844 0.192080 0.167624 0.213419
0 0.774662 0.084977 0.222232 0.155280
0 0.073661 0.935083 0.111761 0.092375
0 0.300657 0.022867 0.126357 0.031059
