0 0.471001 0.387583 0.126622 0.170409
0 0.599846 0.391174 0.120749 0.158470
0 0.941413 0.277288 0.109115 0.136182
0 0.584644 0.082182 0.139533 0.142545
0 0.321849 0.076606 0.135663 0.131394
0 0.368047 0.278485 0.133661 0.144939
0 0.361910 0.526947 0.127850 0.164045
0 0.520104 0.652371 0.135590 0.174409
0 0.679263 0.699356 0.109115 0.137773
0 0.935928 0.610167 0.126548 0.168030
0 0.963446 0.913970 0.073108 0.144939
0 0.739601 0.893659 0.138243 0.158470
0 0.080356 0.324273 0.135651 0.160061
0 0.233096 0.191682 0.146560 0.191121
0 0.243428 0.393955 0.145283 0.183152
0 0.211468 0.555242 0.135590 0.163212
0 0.070387 0.585477 0.114287 0.175985
0 0.366757 0.829159 0.133661 0.158470
0 0.239877 0.914765 0.140762 0.140167
0 0.605657 0.847871 0.120749 0.146530
0 0.518170 0.919939 0.134300 0.131394
0 0.632125 0.967750 0.101376 0.035803
0 0.408722 0.956576 0.089754 0.053364
0 0.044527 0.925515 0.069152 0.121848
