0 0.104915 0.442279 0.131867 0.149152
0 0.091655 0.542147 0.091938 0.089488
0 0.655594 0.562005 0.115460 0.159346
0 0.631082 0.369691 0.140382 0.184046
0 0.748989 0.445742 0.128840 0.159364
0 0.716478 0.873772 0.121188 0.144223
0 0.498126 0.807677 0.154979 0.174470
0 0.375714 0.488348 0.157539 0.171290
0 0.287136 0.422288 0.070764 0.147332
0 0.495573 0.532138 0.157539 0.330565
0 0.895969 0.486343 0.161301 0.238975
0 0.225580 0.526572 0.122475 0.174488
0 0.377313 0.311157 0.156888 0.175283
0 0.209533 0.241237 0.174965 0.228269
0 0.757291 0.119620 0.160693 0.215919
0 0.644752 0.106104 0.072107 0.101219
0 0.234505 0.743578 0.080382 0.097226
0 0.143373 0.708975 0.164484 0.230141
0 0.387857 0.904479 0.142164 0.156095
0 0.226216 0.892889 0.147963 0.184046
0 0.471061 0.117244 0.210382 0.203145
0 0.533522 0.238286 0.165771 0.188799
0 0.791386 0.292836 0.073380 0.092456
0 0.748062 0.735256 0.332164 0.231749
0 0.357256 0.697032 0.162574 0.271555
0 0.926605 0.232359 0.103847 0.313763
0 0.928769 0.840769 0.100792 0.194293
0 0.610644 0.934293 0.214272 0.094841
0 0.904894 0.045972 0.142178 0.055830
0 0.626287 0.033233 0.097553 0.030353
