0 0.397301 0.973186 0.144196 0.053628
0 0.192143 0.960424 0.163864 0.079152
0 0.988364 0.715485 0.023271 0.090496
0 0.930682 0.036742 0.138636 0.071932
0 0.443839 0.072902 0.211055 0.145805
0 0.129874 0.031466 0.204505 0.056968
0 0.024298 0.191580 0.048596 0.131221
0 0.043308 0.523987 0.086615 0.134698
0 0.108831 0.691642 0.181039 0.154432
0 0.081303 0.848276 0.152200 0.131221
0 0.564290 0.459504 0.161713 0.141351
0 0.389907 0.393858 0.160446 0.141351
0 0.148705 0.374928 0.201810 0.166193
0 0.316437 0.608251 0.204481 0.172694
0 0.484501 0.693121 0.162378 0.141358
0 0.713003 0.633682 0.186510 0.164418
0 0.892796 0.608545 0.154359 0.130711
0 0.843981 0.419881 0.193190 0.172105
0 0.671940 0.313423 0.167062 0.138987
0 0.476611 0.236886 0.187459 0.165912
0 0.247792 0.142848 0.212500 0.175309
0 0.691599 0.087155 0.184838 0.156753
0 0.901189 0.176552 0.197622 0.193764
0 0.931993 0.829770 0.136015 0.121825
0 0.952971 0.947662 0.094058 0.104677
0 0.774123 0.803606 0.184968 0.174152
0 0.608295 0.822170 0.144334 0.120776
0 0.530950 0.931879 0.144334 0.121803
0 0.350698 0.783879 0.163994 0.127744
