0 0.049112 0.775399 0.098225 0.191993
0 0.409294 0.739552 0.101587 0.194247
0 0.475416 0.449508 0.125169 0.243275
0 0.322163 0.544483 0.105687 0.208543
0 0.230412 0.678269 0.108763 0.198331
0 0.811650 0.806955 0.121063 0.247360
0 0.654859 0.921401 0.102506 0.157198
0 0.350863 0.901930 0.095438 0.184035
0 0.261731 0.959191 0.099437 0.081619
0 0.212525 0.411818 0.128138 0.257360
0 0.376544 0.184078 0.107638 0.206289
0 0.261169 0.103300 0.108762 0.200374
0 0.098175 0.095131 0.125162 0.188120
0 0.026050 0.280996 0.052100 0.208543
0 0.073112 0.534371 0.111738 0.228767
0 0.125394 0.938761 0.101487 0.122478
0 0.930100 0.062933 0.132238 0.125866
0 0.787559 0.091526 0.109794 0.183051
0 0.930453 0.307653 0.139094 0.281880
0 0.963719 0.533250 0.072562 0.214670
0 0.962744 0.788568 0.074513 0.181993
0 0.956081 0.957148 0.087837 0.085704
0 0.817800 0.505679 0.096463 0.212628
0 0.759422 0.299483 0.094306 0.200162
0 0.451375 0.040081 0.093287 0.073537
0 0.564087 0.134956 0.132337 0.251432
0 0.595862 0.412740 0.097487 0.194247
0 0.700425 0.589427 0.105687 0.196289
0 0.518519 0.707889 0.125062 0.261656
0 0.625081 0.748742 0.098513 0.188120
