0 0.851819 0.513979 0.094175 0.188755
0 0.212094 0.414047 0.133187 0.250934
0 0.322428 0.537846 0.109781 0.214296
0 0.234100 0.676644 0.111450 0.192092
0 0.074172 0.541177 0.121481 0.234284
0 0.027612 0.282472 0.055225 0.207634
0 0.102031 0.095380 0.132625 0.186526
0 0.261131 0.103761 0.107550 0.207522
0 0.375925 0.185330 0.107550 0.204284
0 0.454219 0.037696 0.098075 0.075392
0 0.565669 0.138107 0.131512 0.254296
0 0.701919 0.097597 0.100862 0.184309
0 0.821728 0.271918 0.116469 0.219851
0 0.937916 0.324664 0.098081 0.196526
0 0.898353 0.703848 0.093619 0.175442
0 0.817828 0.889832 0.090831 0.174334
0 0.959206 0.917989 0.081587 0.164022
0 0.828122 0.080996 0.129256 0.161993
0 0.970909 0.119247 0.058181 0.229851
0 0.594369 0.414047 0.099750 0.190984
0 0.474003 0.448468 0.124269 0.246501
0 0.738419 0.496768 0.094737 0.192092
0 0.738697 0.769352 0.087494 0.166550
0 0.651209 0.924651 0.097519 0.150697
0 0.624181 0.747148 0.099187 0.182092
0 0.516909 0.702179 0.126494 0.265380
0 0.404622 0.742154 0.098081 0.198755
0 0.348063 0.903157 0.099750 0.189875
0 0.049372 0.774907 0.098631 0.195417
0 0.122928 0.938531 0.105319 0.122939
0 0.260853 0.959626 0.093619 0.080747
0 0.990134 0.749932 0.019731 0.165442
0 0.992084 0.550062 0.015831 0.116588
