0 0.100600 0.097441 0.126238 0.194882
0 0.872384 0.599589 0.090831 0.185430
0 0.951937 0.120473 0.096125 0.222067
0 0.974503 0.459128 0.050994 0.193200
0 0.967259 0.807777 0.065481 0.279813
0 0.879072 0.982167 0.056281 0.035666
0 0.767062 0.805560 0.151012 0.282030
0 0.659791 0.924988 0.104769 0.150025
0 0.622175 0.741152 0.094175 0.173213
0 0.517131 0.703960 0.124825 0.256488
0 0.405681 0.739489 0.096962 0.187646
0 0.351072 0.899377 0.099194 0.196538
0 0.263859 0.961071 0.104206 0.077858
0 0.123431 0.940529 0.100862 0.118941
0 0.050150 0.776681 0.096963 0.186538
0 0.027228 0.283306 0.054456 0.210672
0 0.072313 0.541183 0.109263 0.227572
0 0.230903 0.675753 0.111031 0.189539
0 0.212516 0.413300 0.131544 0.259278
0 0.320525 0.542590 0.109300 0.206451
0 0.818422 0.356936 0.090169 0.171905
0 0.714816 0.538748 0.113506 0.212715
0 0.596181 0.412597 0.098300 0.191644
0 0.476131 0.448531 0.123412 0.246600
0 0.452084 0.038257 0.098656 0.076513
0 0.720297 0.089203 0.094056 0.176139
0 0.562944 0.131513 0.130125 0.250897
0 0.375000 0.184707 0.105725 0.200872
0 0.259531 0.102410 0.113188 0.204819
